var_per = 288.99486880110186
var_welch = 176.21710419633456